[
    {
        "esg": [],
        "esg_industry": [],
        "industry": "Mining (except Oil & Gas)",
        "name": "20-Microns-Ltd",
        "ticker": "20MICRONS"
    },
    {
        "esg": [
            [
                1622505600000,
                14.44
            ],
            [
                1625097600000,
                14.46
            ],
            [
                1627776000000,
                14.979999999999999
            ],
            [
                1630454400000,
                17.5
            ],
            [
                1633046400000,
                42.78
            ],
            [
                1635724800000,
                42.25
            ],
            [
                1638316800000,
                43.07
            ],
            [
                1640995200000,
                69.77
            ],
            [
                1643673600000,
                70.54
            ],
            [
                1646092800000,
                70.57
            ],
            [
                1648771200000,
                60.85
            ],
            [
                1651363200000,
                60.529999999999994
            ],
            [
                1654041600000,
                61.14000000000001
            ],
            [
                1656633600000,
                62.67
            ],
            [
                1659312000000,
                59.47
            ],
            [
                1661990400000,
                63.72
            ],
            [
                1664582400000,
                62.18
            ],
            [
                1667260800000,
                62.79
            ],
            [
                1669852800000,
                57.49999999999999
            ],
            [
                1672531200000,
                73.99
            ],
            [
                1675209600000,
                76.0
            ],
            [
                1677628800000,
                75.66000000000001
            ],
            [
                1680307200000,
                84.19
            ],
            [
                1682899200000,
                83.67
            ]
        ],
        "esg_industry": [
            [
                1622505600000,
                13.83
            ],
            [
                1625097600000,
                12.9
            ],
            [
                1627776000000,
                13.54
            ],
            [
                1630454400000,
                14.430000000000001
            ],
            [
                1633046400000,
                38.89
            ],
            [
                1635724800000,
                35.24
            ],
            [
                1638316800000,
                38.53
            ],
            [
                1640995200000,
                61.61
            ],
            [
                1643673600000,
                60.34
            ],
            [
                1646092800000,
                61.86000000000001
            ],
            [
                1648771200000,
                49.17
            ],
            [
                1651363200000,
                47.93
            ],
            [
                1654041600000,
                53.33
            ],
            [
                1656633600000,
                54.410000000000004
            ],
            [
                1659312000000,
                51.800000000000004
            ],
            [
                1661990400000,
                54.230000000000004
            ],
            [
                1664582400000,
                52.05
            ],
            [
                1667260800000,
                52.05
            ],
            [
                1669852800000,
                48.65
            ],
            [
                1672531200000,
                66.01
            ],
            [
                1675209600000,
                67.75999999999999
            ],
            [
                1677628800000,
                66.88
            ],
            [
                1680307200000,
                73.38
            ],
            [
                1682899200000,
                74.05000000000001
            ]
        ],
        "industry": "Containers & Packaging Manufacturing",
        "name": "3M-INDIA-LIMITED",
        "ticker": "3MINDIA"
    },
    {
        "esg": [
            [
                1633046400000,
                36.21
            ],
            [
                1635724800000,
                35.68
            ],
            [
                1638316800000,
                38.080000000000005
            ],
            [
                1640995200000,
                30.91
            ],
            [
                1643673600000,
                31.740000000000002
            ],
            [
                1646092800000,
                29.299999999999997
            ],
            [
                1648771200000,
                37.480000000000004
            ],
            [
                1651363200000,
                37.72
            ],
            [
                1654041600000,
                39.97
            ],
            [
                1656633600000,
                39.48
            ],
            [
                1659312000000,
                44.48
            ],
            [
                1661990400000,
                44.28
            ],
            [
                1664582400000,
                37.7
            ],
            [
                1667260800000,
                38.84
            ],
            [
                1669852800000,
                43.03
            ],
            [
                1672531200000,
                42.64
            ],
            [
                1675209600000,
                42.19
            ],
            [
                1677628800000,
                42.01
            ],
            [
                1680307200000,
                43.95
            ],
            [
                1682899200000,
                44.67
            ]
        ],
        "esg_industry": [
            [
                1633046400000,
                19.939999999999998
            ],
            [
                1635724800000,
                20.25
            ],
            [
                1638316800000,
                22.39
            ],
            [
                1640995200000,
                20.34
            ],
            [
                1643673600000,
                21.349999999999998
            ],
            [
                1646092800000,
                18.459999999999997
            ],
            [
                1648771200000,
                23.69
            ],
            [
                1651363200000,
                23.71
            ],
            [
                1654041600000,
                24.73
            ],
            [
                1656633600000,
                24.59
            ],
            [
                1659312000000,
                28.000000000000004
            ],
            [
                1661990400000,
                27.779999999999998
            ],
            [
                1664582400000,
                24.42
            ],
            [
                1667260800000,
                25.580000000000002
            ],
            [
                1669852800000,
                29.78
            ],
            [
                1672531200000,
                29.4
            ],
            [
                1675209600000,
                29.67
            ],
            [
                1677628800000,
                29.43
            ],
            [
                1680307200000,
                31.209999999999997
            ],
            [
                1682899200000,
                33.019999999999996
            ]
        ],
        "industry": "Brokerage & Capital Markets",
        "name": "5paisa-Capital-Limited",
        "ticker": "5PAISA"
    },
    {
        "esg": [],
        "esg_industry": [],
        "industry": "Brokerage & Capital Markets",
        "name": "A-K-CAPITAL-SERVICES-LIMITED",
        "ticker": "530499"
    },
    {
        "esg": [],
        "esg_industry": [],
        "industry": "Architectural, Engineering, & Related Services",
        "name": "A2Z-MAINTENANCE-and-ENGINEERING-SERVICES-LIMITED",
        "ticker": "A2ZINFRA"
    },
    {
        "esg": [
            [
                1622505600000,
                16.98
            ],
            [
                1625097600000,
                17.080000000000002
            ],
            [
                1627776000000,
                16.85
            ],
            [
                1630454400000,
                18.18
            ],
            [
                1633046400000,
                21.22
            ],
            [
                1635724800000,
                11.04
            ],
            [
                1638316800000,
                11.360000000000001
            ],
            [
                1640995200000,
                20.95
            ],
            [
                1643673600000,
                22.14
            ],
            [
                1646092800000,
                17.23
            ],
            [
                1648771200000,
                21.78
            ],
            [
                1651363200000,
                22.45
            ],
            [
                1654041600000,
                24.08
            ],
            [
                1656633600000,
                23.87
            ],
            [
                1659312000000,
                28.860000000000003
            ],
            [
                1661990400000,
                30.03
            ],
            [
                1664582400000,
                33.85
            ],
            [
                1667260800000,
                34.910000000000004
            ],
            [
                1669852800000,
                32.14
            ],
            [
                1672531200000,
                18.81
            ],
            [
                1675209600000,
                18.790000000000003
            ],
            [
                1677628800000,
                19.34
            ],
            [
                1680307200000,
                21.63
            ],
            [
                1682899200000,
                20.72
            ]
        ],
        "esg_industry": [
            [
                1622505600000,
                26.05
            ],
            [
                1625097600000,
                26.419999999999998
            ],
            [
                1627776000000,
                26.32
            ],
            [
                1630454400000,
                27.310000000000002
            ],
            [
                1633046400000,
                31.44
            ],
            [
                1635724800000,
                16.35
            ],
            [
                1638316800000,
                15.989999999999998
            ],
            [
                1640995200000,
                31.019999999999996
            ],
            [
                1643673600000,
                31.56
            ],
            [
                1646092800000,
                24.65
            ],
            [
                1648771200000,
                33.33
            ],
            [
                1651363200000,
                34.97
            ],
            [
                1654041600000,
                36.730000000000004
            ],
            [
                1656633600000,
                35.23
            ],
            [
                1659312000000,
                42.86
            ],
            [
                1661990400000,
                45.81
            ],
            [
                1664582400000,
                48.699999999999996
            ],
            [
                1667260800000,
                50.33
            ],
            [
                1669852800000,
                44.06
            ],
            [
                1672531200000,
                25.83
            ],
            [
                1675209600000,
                26.13
            ],
            [
                1677628800000,
                26.729999999999997
            ],
            [
                1680307200000,
                28.87
            ],
            [
                1682899200000,
                26.41
            ]
        ],
        "industry": "Health Care & Pharmaceuticals",
        "name": "Aarti-Drugs-Ltd",
        "ticker": "AARTIDRUGS"
    },
    {
        "esg": [
            [
                1622505600000,
                19.55
            ],
            [
                1625097600000,
                19.689999999999998
            ],
            [
                1627776000000,
                19.49
            ],
            [
                1630454400000,
                23.31
            ],
            [
                1633046400000,
                42.88
            ],
            [
                1635724800000,
                40.17
            ],
            [
                1638316800000,
                44.61
            ],
            [
                1640995200000,
                64.08
            ],
            [
                1643673600000,
                64.95
            ],
            [
                1646092800000,
                62.580000000000005
            ],
            [
                1648771200000,
                56.14
            ],
            [
                1651363200000,
                55.669999999999995
            ],
            [
                1654041600000,
                58.37
            ],
            [
                1656633600000,
                57.699999999999996
            ],
            [
                1659312000000,
                57.589999999999996
            ],
            [
                1661990400000,
                56.269999999999996
            ],
            [
                1664582400000,
                54.61
            ],
            [
                1667260800000,
                59.91
            ],
            [
                1669852800000,
                65.71000000000001
            ],
            [
                1672531200000,
                67.43
            ],
            [
                1675209600000,
                68.13
            ],
            [
                1677628800000,
                68.4
            ],
            [
                1680307200000,
                81.27
            ],
            [
                1682899200000,
                80.61
            ]
        ],
        "esg_industry": [
            [
                1622505600000,
                28.24
            ],
            [
                1625097600000,
                26.97
            ],
            [
                1627776000000,
                26.790000000000003
            ],
            [
                1630454400000,
                30.259999999999998
            ],
            [
                1633046400000,
                46.58
            ],
            [
                1635724800000,
                42.65
            ],
            [
                1638316800000,
                47.57
            ],
            [
                1640995200000,
                60.4
            ],
            [
                1643673600000,
                63.04
            ],
            [
                1646092800000,
                61.62
            ],
            [
                1648771200000,
                57.91
            ],
            [
                1651363200000,
                55.230000000000004
            ],
            [
                1654041600000,
                59.86
            ],
            [
                1656633600000,
                59.53000000000001
            ],
            [
                1659312000000,
                60.6
            ],
            [
                1661990400000,
                60.5
            ],
            [
                1664582400000,
                57.63
            ],
            [
                1667260800000,
                61.519999999999996
            ],
            [
                1669852800000,
                67.13
            ],
            [
                1672531200000,
                66.38
            ],
            [
                1675209600000,
                66.25
            ],
            [
                1677628800000,
                66.5
            ],
            [
                1680307200000,
                78.53
            ],
            [
                1682899200000,
                78.47
            ]
        ],
        "industry": "Chemicals, Plastics & Rubber Products Mfg.",
        "name": "AARTI-INDUSTRIES-LTD",
        "ticker": "AARTIIND"
    },
    {
        "esg": [],
        "esg_industry": [],
        "industry": "Chemicals, Plastics & Rubber Products Mfg.",
        "name": "Aarti-Surfactants-Ltd",
        "ticker": "AARTISUR"
    },
    {
        "esg": [
            [
                1625097600000,
                52.959999999999994
            ],
            [
                1627776000000,
                69.17999999999999
            ],
            [
                1630454400000,
                63.029999999999994
            ],
            [
                1633046400000,
                65.19
            ],
            [
                1635724800000,
                64.8
            ],
            [
                1638316800000,
                66.06
            ],
            [
                1640995200000,
                66.86
            ],
            [
                1643673600000,
                62.470000000000006
            ],
            [
                1646092800000,
                63.519999999999996
            ],
            [
                1648771200000,
                70.30999999999999
            ],
            [
                1651363200000,
                70.37
            ],
            [
                1654041600000,
                70.71
            ],
            [
                1656633600000,
                70.03
            ],
            [
                1659312000000,
                71.69
            ],
            [
                1661990400000,
                71.43
            ],
            [
                1664582400000,
                72.36
            ],
            [
                1667260800000,
                72.57000000000001
            ],
            [
                1669852800000,
                74.42999999999999
            ],
            [
                1672531200000,
                81.39
            ],
            [
                1675209600000,
                81.67999999999999
            ],
            [
                1677628800000,
                81.21000000000001
            ],
            [
                1680307200000,
                83.65
            ],
            [
                1682899200000,
                80.84
            ]
        ],
        "esg_industry": [
            [
                1625097600000,
                66.0
            ],
            [
                1627776000000,
                73.21
            ],
            [
                1630454400000,
                70.0
            ],
            [
                1633046400000,
                69.12
            ],
            [
                1635724800000,
                66.2
            ],
            [
                1638316800000,
                64.47
            ],
            [
                1640995200000,
                68.13
            ],
            [
                1643673600000,
                66.67
            ],
            [
                1646092800000,
                63.27
            ],
            [
                1648771200000,
                74.0
            ],
            [
                1651363200000,
                75.49
            ],
            [
                1654041600000,
                75.96000000000001
            ],
            [
                1656633600000,
                80.36999999999999
            ],
            [
                1659312000000,
                79.63
            ],
            [
                1661990400000,
                77.98
            ],
            [
                1664582400000,
                79.09
            ],
            [
                1667260800000,
                79.82000000000001
            ],
            [
                1669852800000,
                79.13
            ],
            [
                1672531200000,
                90.08
            ],
            [
                1675209600000,
                91.06
            ],
            [
                1677628800000,
                91.86999999999999
            ],
            [
                1680307200000,
                91.34
            ],
            [
                1682899200000,
                89.05999999999999
            ]
        ],
        "industry": "Real Estate Financial Services",
        "name": "Aavas-Financiers-Ltd",
        "ticker": "AAVAS"
    },
    {
        "esg": [],
        "esg_industry": [],
        "industry": "Oil and Gas Extraction",
        "name": "ABAN-OFFSHORE",
        "ticker": "ABAN"
    },
    {
        "esg": [
            [
                1619827200000,
                98.83
            ],
            [
                1622505600000,
                97.0
            ],
            [
                1625097600000,
                96.50999999999999
            ],
            [
                1627776000000,
                96.84
            ],
            [
                1630454400000,
                96.73
            ],
            [
                1633046400000,
                94.56
            ],
            [
                1635724800000,
                94.59
            ],
            [
                1638316800000,
                96.12
            ],
            [
                1640995200000,
                93.62
            ],
            [
                1643673600000,
                93.93
            ],
            [
                1646092800000,
                94.52000000000001
            ],
            [
                1648771200000,
                98.19
            ],
            [
                1651363200000,
                97.53
            ],
            [
                1654041600000,
                97.55
            ],
            [
                1656633600000,
                96.85000000000001
            ],
            [
                1659312000000,
                96.94
            ],
            [
                1661990400000,
                96.41999999999999
            ],
            [
                1664582400000,
                96.84
            ],
            [
                1667260800000,
                96.76
            ],
            [
                1669852800000,
                95.27
            ],
            [
                1672531200000,
                93.31
            ],
            [
                1675209600000,
                94.08
            ],
            [
                1677628800000,
                93.95
            ],
            [
                1680307200000,
                96.81
            ],
            [
                1682899200000,
                94.12
            ]
        ],
        "esg_industry": [
            [
                1619827200000,
                99.52
            ],
            [
                1622505600000,
                98.11
            ],
            [
                1625097600000,
                97.74000000000001
            ],
            [
                1627776000000,
                97.74000000000001
            ],
            [
                1630454400000,
                98.13
            ],
            [
                1633046400000,
                94.86
            ],
            [
                1635724800000,
                94.44
            ],
            [
                1638316800000,
                96.88
            ],
            [
                1640995200000,
                93.84
            ],
            [
                1643673600000,
                94.06
            ],
            [
                1646092800000,
                94.21000000000001
            ],
            [
                1648771200000,
                99.03999999999999
            ],
            [
                1651363200000,
                97.78
            ],
            [
                1654041600000,
                97.84
            ],
            [
                1656633600000,
                96.65
            ],
            [
                1659312000000,
                96.96000000000001
            ],
            [
                1661990400000,
                96.37
            ],
            [
                1664582400000,
                97.87
            ],
            [
                1667260800000,
                98.18
            ],
            [
                1669852800000,
                96.46000000000001
            ],
            [
                1672531200000,
                93.31
            ],
            [
                1675209600000,
                95.04
            ],
            [
                1677628800000,
                94.75
            ],
            [
                1680307200000,
                97.67
            ],
            [
                1682899200000,
                94.19
            ]
        ],
        "industry": "Electronic Equipment & Instrumentation, Energy Equipment & Services",
        "name": "ABB-in-India",
        "ticker": "ABB"
    },
    {
        "esg": [
            [
                1622505600000,
                55.22
            ],
            [
                1625097600000,
                54.85
            ],
            [
                1627776000000,
                54.66
            ],
            [
                1630454400000,
                50.580000000000005
            ],
            [
                1633046400000,
                53.410000000000004
            ],
            [
                1635724800000,
                53.06999999999999
            ],
            [
                1638316800000,
                54.06999999999999
            ],
            [
                1640995200000,
                64.41
            ],
            [
                1643673600000,
                65.27
            ],
            [
                1646092800000,
                63.949999999999996
            ],
            [
                1648771200000,
                56.940000000000005
            ],
            [
                1651363200000,
                56.58
            ],
            [
                1654041600000,
                57.4
            ],
            [
                1656633600000,
                63.13999999999999
            ],
            [
                1659312000000,
                60.6
            ],
            [
                1661990400000,
                60.57
            ],
            [
                1664582400000,
                68.71000000000001
            ],
            [
                1667260800000,
                70.85000000000001
            ],
            [
                1669852800000,
                72.27
            ],
            [
                1672531200000,
                67.01
            ],
            [
                1675209600000,
                67.04
            ],
            [
                1677628800000,
                66.78
            ],
            [
                1680307200000,
                63.980000000000004
            ],
            [
                1682899200000,
                62.6
            ]
        ],
        "esg_industry": [
            [
                1622505600000,
                71.43
            ],
            [
                1625097600000,
                70.73
            ],
            [
                1627776000000,
                71.26
            ],
            [
                1630454400000,
                68.27
            ],
            [
                1633046400000,
                71.59
            ],
            [
                1635724800000,
                72.61999999999999
            ],
            [
                1638316800000,
                73.22999999999999
            ],
            [
                1640995200000,
                82.12
            ],
            [
                1643673600000,
                82.98
            ],
            [
                1646092800000,
                81.69
            ],
            [
                1648771200000,
                72.28
            ],
            [
                1651363200000,
                73.42999999999999
            ],
            [
                1654041600000,
                73.47
            ],
            [
                1656633600000,
                78.52
            ],
            [
                1659312000000,
                75.42
            ],
            [
                1661990400000,
                76.13
            ],
            [
                1664582400000,
                81.49
            ],
            [
                1667260800000,
                83.66
            ],
            [
                1669852800000,
                83.13000000000001
            ],
            [
                1672531200000,
                80.47999999999999
            ],
            [
                1675209600000,
                81.38
            ],
            [
                1677628800000,
                81.08
            ],
            [
                1680307200000,
                76.19
            ],
            [
                1682899200000,
                75.37
            ]
        ],
        "industry": "Health Care & Pharmaceuticals",
        "name": "Abbott-India-Ltd",
        "ticker": "ABBOTINDIA"
    },
    {
        "esg": [],
        "esg_industry": [],
        "industry": "Airport, Harbor Operations, & Logistics",
        "name": "ABC-India-Ltd",
        "ticker": "ABCI"
    },
    {
        "esg": [],
        "esg_industry": [],
        "industry": "IT & Network Services",
        "name": "ABM-Knowledgeware-Ltd",
        "ticker": "ECM"
    },
    {
        "esg": [
            [
                1619827200000,
                75.22999999999999
            ],
            [
                1622505600000,
                73.67
            ],
            [
                1625097600000,
                74.51
            ],
            [
                1627776000000,
                74.33999999999999
            ],
            [
                1630454400000,
                74.13
            ],
            [
                1633046400000,
                75.13
            ],
            [
                1635724800000,
                74.78
            ],
            [
                1638316800000,
                79.17999999999999
            ],
            [
                1640995200000,
                81.35
            ],
            [
                1643673600000,
                82.80999999999999
            ],
            [
                1646092800000,
                82.73
            ],
            [
                1648771200000,
                89.86
            ],
            [
                1651363200000,
                89.87
            ],
            [
                1654041600000,
                89.5
            ],
            [
                1656633600000,
                87.14
            ],
            [
                1659312000000,
                87.42
            ],
            [
                1661990400000,
                87.13
            ],
            [
                1664582400000,
                86.29
            ],
            [
                1667260800000,
                86.7
            ],
            [
                1669852800000,
                87.36
            ],
            [
                1672531200000,
                87.33999999999999
            ],
            [
                1675209600000,
                89.63
            ],
            [
                1677628800000,
                89.42999999999999
            ],
            [
                1680307200000,
                90.61
            ],
            [
                1682899200000,
                87.58
            ]
        ],
        "esg_industry": [
            [
                1619827200000,
                70.74000000000001
            ],
            [
                1622505600000,
                79.17999999999999
            ],
            [
                1625097600000,
                80.60000000000001
            ],
            [
                1627776000000,
                80.58999999999999
            ],
            [
                1630454400000,
                80.0
            ],
            [
                1633046400000,
                79.17
            ],
            [
                1635724800000,
                79.61
            ],
            [
                1638316800000,
                83.44
            ],
            [
                1640995200000,
                84.38
            ],
            [
                1643673600000,
                86.4
            ],
            [
                1646092800000,
                87.53
            ],
            [
                1648771200000,
                92.47
            ],
            [
                1651363200000,
                93.28
            ],
            [
                1654041600000,
                93.22
            ],
            [
                1656633600000,
                90.67
            ],
            [
                1659312000000,
                91.21000000000001
            ],
            [
                1661990400000,
                90.63
            ],
            [
                1664582400000,
                88.84
            ],
            [
                1667260800000,
                89.46
            ],
            [
                1669852800000,
                89.14999999999999
            ],
            [
                1672531200000,
                88.77000000000001
            ],
            [
                1675209600000,
                90.07
            ],
            [
                1677628800000,
                90.11
            ],
            [
                1680307200000,
                92.19000000000001
            ],
            [
                1682899200000,
                89.63
            ]
        ],
        "industry": "Construction Materials",
        "name": "ACC-LIMITED",
        "ticker": "ACC"
    },
    {
        "esg": [],
        "esg_industry": [],
        "industry": "IT & Network Services",
        "name": "Accelya-Kale-Solutions-Ltd",
        "ticker": "ACCELYA"
    },
    {
        "esg": [],
        "esg_industry": [],
        "industry": "Manufacturing",
        "name": "Acrysil-Ltd",
        "ticker": "ACRY"
    },
    {
        "esg": [
            [
                1672531200000,
                17.29
            ],
            [
                1675209600000,
                15.6
            ],
            [
                1677628800000,
                15.57
            ],
            [
                1680307200000,
                12.8
            ],
            [
                1682899200000,
                13.969999999999999
            ]
        ],
        "esg_industry": [
            [
                1672531200000,
                22.49
            ],
            [
                1675209600000,
                21.15
            ],
            [
                1677628800000,
                21.54
            ],
            [
                1680307200000,
                16.99
            ],
            [
                1682899200000,
                18.360000000000003
            ]
        ],
        "industry": "Machinery Manufacturing",
        "name": "Action-Construction-Equipment-Ltd",
        "ticker": "ACE"
    },
    {
        "esg": [
            [
                1619827200000,
                72.41
            ],
            [
                1622505600000,
                72.45
            ],
            [
                1625097600000,
                63.82
            ],
            [
                1627776000000,
                66.01
            ],
            [
                1630454400000,
                64.89
            ],
            [
                1633046400000,
                71.24000000000001
            ],
            [
                1635724800000,
                71.09
            ],
            [
                1638316800000,
                66.24
            ],
            [
                1640995200000,
                58.599999999999994
            ],
            [
                1643673600000,
                53.1
            ],
            [
                1646092800000,
                51.74999999999999
            ],
            [
                1648771200000,
                53.97
            ],
            [
                1651363200000,
                73.79
            ],
            [
                1654041600000,
                73.08
            ],
            [
                1656633600000,
                64.95
            ],
            [
                1659312000000,
                54.790000000000006
            ],
            [
                1661990400000,
                54.04
            ],
            [
                1664582400000,
                62.949999999999996
            ],
            [
                1667260800000,
                59.51
            ],
            [
                1669852800000,
                61.07
            ],
            [
                1672531200000,
                59.47
            ],
            [
                1675209600000,
                59.040000000000006
            ],
            [
                1677628800000,
                59.4
            ],
            [
                1680307200000,
                59.089999999999996
            ],
            [
                1682899200000,
                64.12
            ]
        ],
        "esg_industry": [
            [
                1619827200000,
                59.78
            ],
            [
                1622505600000,
                60.870000000000005
            ],
            [
                1625097600000,
                49.57
            ],
            [
                1627776000000,
                55.559999999999995
            ],
            [
                1630454400000,
                57.49999999999999
            ],
            [
                1633046400000,
                55.00000000000001
            ],
            [
                1635724800000,
                58.120000000000005
            ],
            [
                1638316800000,
                51.25999999999999
            ],
            [
                1640995200000,
                48.39
            ],
            [
                1643673600000,
                42.309999999999995
            ],
            [
                1646092800000,
                42.309999999999995
            ],
            [
                1648771200000,
                44.62
            ],
            [
                1651363200000,
                63.080000000000005
            ],
            [
                1654041600000,
                62.22
            ],
            [
                1656633600000,
                56.3
            ],
            [
                1659312000000,
                41.48
            ],
            [
                1661990400000,
                41.61
            ],
            [
                1664582400000,
                51.470000000000006
            ],
            [
                1667260800000,
                47.79
            ],
            [
                1669852800000,
                52.21
            ],
            [
                1672531200000,
                48.91
            ],
            [
                1675209600000,
                48.55
            ],
            [
                1677628800000,
                47.099999999999994
            ],
            [
                1680307200000,
                44.2
            ],
            [
                1682899200000,
                47.83
            ]
        ],
        "industry": "Conglomerates",
        "name": "Adani-Enterprises-Limited",
        "ticker": "AWL"
    },
    {
        "esg": [
            [
                1625097600000,
                57.550000000000004
            ],
            [
                1627776000000,
                43.25
            ],
            [
                1630454400000,
                57.06
            ],
            [
                1633046400000,
                54.300000000000004
            ],
            [
                1635724800000,
                56.86
            ],
            [
                1638316800000,
                51.78
            ],
            [
                1640995200000,
                65.81
            ],
            [
                1643673600000,
                68.91000000000001
            ],
            [
                1646092800000,
                69.66
            ],
            [
                1648771200000,
                70.25
            ],
            [
                1651363200000,
                70.59
            ],
            [
                1654041600000,
                70.93
            ],
            [
                1656633600000,
                70.30999999999999
            ],
            [
                1659312000000,
                72.39999999999999
            ],
            [
                1661990400000,
                73.22999999999999
            ],
            [
                1664582400000,
                63.94
            ],
            [
                1667260800000,
                61.0
            ],
            [
                1669852800000,
                68.54
            ],
            [
                1672531200000,
                71.94
            ],
            [
                1675209600000,
                78.78
            ],
            [
                1677628800000,
                78.58000000000001
            ],
            [
                1680307200000,
                76.6
            ],
            [
                1682899200000,
                71.85000000000001
            ]
        ],
        "esg_industry": [
            [
                1625097600000,
                49.33
            ],
            [
                1627776000000,
                27.27
            ],
            [
                1630454400000,
                46.75
            ],
            [
                1633046400000,
                35.06
            ],
            [
                1635724800000,
                39.739999999999995
            ],
            [
                1638316800000,
                34.94
            ],
            [
                1640995200000,
                52.33
            ],
            [
                1643673600000,
                58.43000000000001
            ],
            [
                1646092800000,
                59.78
            ],
            [
                1648771200000,
                57.60999999999999
            ],
            [
                1651363200000,
                55.910000000000004
            ],
            [
                1654041600000,
                57.29
            ],
            [
                1656633600000,
                57.29
            ],
            [
                1659312000000,
                59.79
            ],
            [
                1661990400000,
                60.81999999999999
            ],
            [
                1664582400000,
                53.400000000000006
            ],
            [
                1667260800000,
                48.0
            ],
            [
                1669852800000,
                58.42
            ],
            [
                1672531200000,
                58.25
            ],
            [
                1675209600000,
                70.87
            ],
            [
                1677628800000,
                70.59
            ],
            [
                1680307200000,
                69.52000000000001
            ],
            [
                1682899200000,
                59.050000000000004
            ]
        ],
        "industry": "Utilities",
        "name": "Adani-Gas-Ltd",
        "ticker": "ATGL"
    }
]